Photometry of Flux of n Stars at Different Time
Relative Time	..660	..512	..527	..528	..659	..662	..664	..667
===============================================
183.852000	24.070	32.459	36.132	14.798	26.607	47.406	17.092	44.688
195.337000	23.960	31.672	35.426	14.479	26.596	47.074	16.858	44.221
206.844000	23.748	32.400	35.849	14.239	26.762	48.396	16.596	44.670
218.305000	24.378	33.049	35.716	15.048	26.947	47.829	17.002	45.220
229.768000	24.455	32.461	36.377	14.721	27.650	48.674	17.067	45.137
241.361000	24.123	32.830	36.158	14.579	27.063	48.714	17.519	45.328
252.916000	24.403	33.128	36.458	14.923	27.209	48.302	16.930	45.074
264.387000	24.034	32.310	34.465	14.487	26.428	47.453	17.155	44.550
275.850000	23.899	32.285	35.771	14.632	26.530	47.111	16.718	44.239
287.330000	24.020	32.105	36.440	14.645	27.134	47.530	17.465	44.910
298.793000	23.872	31.844	35.596	14.595	26.581	46.991	17.013	44.638
310.304000	24.391	32.568	35.783	14.960	26.767	48.312	17.410	44.727
321.809000	24.392	32.363	35.946	14.720	27.245	48.335	17.134	44.901
333.359000	24.237	32.596	35.784	14.775	27.314	48.990	17.076	44.942
344.907000	24.464	32.519	35.665	14.632	27.387	48.216	17.177	44.864
356.417000	24.229	32.653	35.965	14.432	26.965	48.297	16.937	44.698
367.937000	24.824	32.383	36.261	14.905	27.550	48.741	17.345	45.213
379.469000	24.036	32.628	36.278	14.772	27.103	46.726	17.226	45.085
391.000000	24.817	32.873	35.861	14.803	27.559	47.730	17.185	45.651
402.513000	25.373	33.452	36.232	15.231	27.344	48.989	17.701	45.216
414.052000	24.722	32.451	36.166	14.876	27.074	48.153	17.423	45.330
425.554000	24.185	32.187	36.523	14.464	27.007	48.541	17.222	44.885
437.051000	24.465	32.718	36.581	14.712	27.524	48.423	17.181	45.796
448.504000	24.427	32.874	36.503	14.742	27.636	48.558	17.300	45.530
459.918000	24.645	32.479	36.856	14.918	27.288	48.218	17.192	45.411
471.451000	24.615	32.399	36.730	14.915	27.280	48.784	17.197	44.540
482.923000	24.404	32.737	36.365	14.983	27.396	48.753	17.022	46.201
494.400000	24.441	32.948	35.830	14.707	27.075	48.001	17.354	44.707
505.895000	24.472	32.352	36.367	14.939	27.256	48.025	17.270	45.129
517.374000	24.495	32.179	35.709	14.765	27.094	47.824	16.901	45.149
528.844000	23.764	32.548	36.043	14.495	27.077	47.288	16.828	44.884
540.307000	24.694	32.636	35.733	14.683	27.216	48.207	17.023	45.002
551.791000	24.517	32.724	36.171	14.792	27.075	48.607	17.062	45.275
563.285000	24.308	32.885	35.854	14.784	27.491	47.709	16.900	44.168
574.764000	23.838	32.358	35.886	14.383	27.228	48.189	16.822	44.488
586.224000	24.101	32.527	36.096	14.682	27.007	47.637	16.835	44.675
597.740000	24.243	32.211	36.559	14.891	27.628	48.769	17.106	45.194
609.231000	24.240	32.386	35.183	14.697	27.371	47.387	16.826	45.405
620.751000	24.351	32.150	36.120	14.820	27.490	47.735	17.038	45.402
632.235000	24.388	32.146	35.956	14.794	26.918	48.750	16.923	45.121
643.725000	24.902	32.741	36.063	14.394	27.468	47.987	17.207	45.404
655.268000	24.698	33.122	36.408	15.222	27.378	48.468	17.369	45.034
666.809000	24.489	32.353	36.712	15.225	27.086	48.693	17.672	45.087
678.304000	24.354	32.157	35.852	14.873	26.599	48.165	17.610	44.989
689.776000	24.357	32.343	35.498	14.727	26.925	48.518	17.103	44.425
701.294000	24.561	32.357	35.697	14.432	27.067	48.841	16.872	44.561
712.791000	24.828	32.466	36.000	15.034	27.293	48.833	17.236	45.567
724.285000	24.817	32.517	36.280	15.192	27.418	48.598	17.512	45.280
735.796000	24.776	33.017	36.423	14.936	27.749	49.853	17.690	46.671
747.326000	25.024	32.237	37.123	14.950	27.697	49.619	17.366	45.081
758.852000	24.867	32.305	36.216	14.930	27.890	49.021	17.971	45.464
770.367000	24.709	32.355	35.868	15.361	27.834	48.958	17.275	46.223
781.849000	24.610	32.972	36.337	14.850	27.132	48.833	17.173	45.878
793.335000	24.276	32.672	36.472	15.222	27.964	49.032	17.588	45.576
804.834000	24.781	32.816	36.184	14.788	27.668	49.409	17.024	46.360
816.335000	24.615	32.501	36.531	14.820	27.386	49.084	17.057	45.902
827.877000	24.600	32.809	37.105	14.934	27.614	49.097	17.440	45.138
839.368000	24.512	32.990	36.063	14.999	27.547	48.941	17.193	45.812
850.836000	24.486	32.718	36.436	14.607	27.653	49.491	17.257	45.291
862.311000	25.114	33.244	36.980	14.672	27.501	49.304	17.536	46.192
873.785000	24.996	32.722	36.563	15.248	28.432	49.054	17.474	45.830
885.268000	24.693	33.133	36.288	14.891	27.477	49.734	17.197	46.489
896.766000	25.013	32.794	36.590	14.908	27.654	49.273	17.100	46.608
908.215000	25.023	32.815	36.826	15.665	27.926	49.798	18.141	46.275
919.680000	25.358	33.567	36.393	14.885	27.909	50.482	17.531	47.035
931.190000	25.212	33.639	36.841	14.540	28.248	49.074	17.863	46.073
942.673000	25.007	32.585	37.471	15.113	27.683	49.391	17.450	47.003
954.166000	24.667	33.250	36.562	14.855	27.858	49.248	17.514	46.590
965.633000	25.155	33.983	37.568	15.221	28.045	50.282	17.761	46.632
977.148000	25.285	33.224	36.964	14.791	28.403	50.497	17.682	46.098
988.653000	25.582	33.250	36.846	15.353	28.428	49.581	17.551	46.427
1000.155000	25.403	33.160	36.711	15.466	27.815	50.315	17.181	46.381
1011.664000	25.418	33.068	36.977	15.114	28.353	49.735	17.643	47.405
1023.181000	25.413	32.977	37.481	15.082	28.509	49.262	17.879	47.526
1034.691000	25.286	34.184	37.622	15.413	28.404	50.324	18.242	48.556
1046.221000	25.671	33.671	37.734	15.503	27.947	50.657	17.932	47.487
1057.705000	25.106	33.024	36.774	15.502	27.619	49.429	17.458	46.159
1069.196000	24.853	32.810	37.092	15.049	28.149	48.940	17.868	46.134
1080.691000	25.711	33.462	36.879	15.558	28.137	49.708	17.660	46.938
1092.165000	25.559	33.525	37.186	14.908	28.349	49.658	17.966	46.069
1103.664000	25.631	33.674	37.656	15.148	27.691	50.005	17.912	46.918
1115.179000	25.925	33.547	38.096	15.285	28.471	49.914	17.823	47.154
1126.662000	25.890	33.822	37.876	15.574	28.386	50.778	17.950	47.709
1138.161000	25.883	34.370	37.332	15.942	28.509	50.700	17.986	47.326
1149.669000	26.079	34.210	37.352	15.306	28.446	50.968	17.889	46.990
1161.170000	25.967	33.864	36.931	15.402	28.752	50.802	18.015	47.559
1172.654000	26.026	33.441	37.721	15.322	28.106	50.241	17.839	47.894
1184.224000	25.686	34.629	37.931	15.615	28.730	50.794	17.912	48.200
1195.776000	25.752	34.011	37.594	15.451	28.788	51.053	18.100	47.053
1207.298000	26.252	33.452	38.339	15.731	28.538	50.472	17.948	48.274
1218.813000	25.581	33.891	37.029	15.532	28.500	50.557	17.797	46.061
1230.310000	25.893	33.871	37.578	15.302	28.329	50.821	17.680	47.160
1241.811000	25.527	33.920	36.755	15.294	28.087	49.574	17.669	46.844
1253.301000	25.388	33.384	36.897	15.357	28.256	49.630	18.142	46.472
1264.816000	25.421	33.083	37.426	15.416	28.050	49.718	17.851	46.792
1276.352000	25.442	33.655	37.523	15.625	28.316	49.745	17.919	46.741
1287.808000	25.584	32.687	36.529	15.244	28.502	49.263	17.646	46.542
1299.287000	25.411	32.595	36.169	14.886	27.861	49.355	17.631	46.522
1310.805000	25.304	33.494	36.938	15.160	27.909	50.063	17.979	46.751
1322.306000	25.440	33.498	37.911	15.305	27.939	50.047	17.486	46.913
1333.841000	25.741	33.381	37.428	15.162	28.527	49.939	17.753	46.828
1345.343000	25.864	33.931	37.553	15.066	28.645	49.983	17.451	47.156
1356.850000	26.054	33.439	37.423	15.334	28.326	49.944	17.499	47.204
1368.348000	25.977	33.461	37.631	15.275	28.559	50.172	18.087	47.121
1379.824000	26.024	33.825	37.663	15.510	28.784	50.623	17.804	46.920
1391.202000	26.053	33.712	37.969	15.519	28.391	50.884	17.877	47.350
1402.631000	25.393	34.194	37.554	15.348	28.998	50.852	17.975	47.355
1414.107000	25.729	33.598	37.305	15.498	28.485	50.197	17.984	47.786
1425.575000	25.571	33.843	37.695	15.196	28.289	50.557	18.099	47.293
1437.061000	25.709	33.540	36.970	15.473	28.323	50.068	17.714	47.492
1448.531000	25.392	33.502	37.318	15.317	28.121	49.533	17.984	47.490
1460.006000	25.688	33.805	37.868	15.386	28.264	50.081	18.007	47.736
1471.471000	25.693	33.666	37.534	15.439	28.075	49.783	18.140	46.713
1482.935000	26.323	33.335	37.400	15.387	28.242	50.620	17.996	47.218
1494.403000	25.789	33.573	37.943	15.461	28.708	49.642	18.024	46.627
1505.877000	25.526	33.664	37.552	15.303	28.395	50.039	17.691	46.658
1517.345000	25.504	33.552	37.203	15.157	28.488	50.736	18.030	47.700
1528.841000	25.799	33.225	37.301	15.084	28.602	50.495	17.829	47.868
1540.316000	25.647	33.409	37.449	15.492	28.932	50.637	17.742	47.912
1551.790000	26.044	33.663	37.610	15.012	28.627	50.251	17.777	47.268
1725.972000	25.967	33.495	38.312	15.699	28.544	49.952	18.000	47.986
1737.433000	26.203	33.804	38.367	15.671	28.914	51.192	18.075	47.720
1748.916000	25.882	33.743	37.519	15.466	28.500	50.431	17.816	47.589
1760.408000	26.517	33.570	37.747	15.964	28.505	50.904	18.164	47.893
1771.880000	25.863	33.419	37.309	15.449	29.052	50.899	17.841	46.795
1783.388000	25.739	33.523	37.363	15.510	28.126	50.570	17.682	47.611
1794.892000	26.106	34.101	37.844	15.566	28.783	50.722	17.814	48.008
1971.897000	25.921	33.757	37.984	15.661	29.088	51.112	18.305	48.027
1983.409000	26.692	34.681	38.270	15.858	29.368	51.256	18.101	47.906
1994.892000	26.897	34.434	38.580	16.155	29.303	52.312	18.714	48.980
2006.361000	26.798	34.356	38.444	15.794	29.127	51.171	18.311	49.184
2017.830000	26.615	34.508	38.098	15.889	29.452	51.229	18.345	48.644
2029.284000	26.595	34.094	38.357	15.889	28.889	51.279	18.379	48.297
2040.752000	26.185	34.334	38.672	15.595	29.682	51.106	18.458	48.623
2052.217000	26.296	34.214	37.860	16.010	29.467	50.249	18.466	48.141
2063.679000	26.372	33.817	38.092	15.915	28.972	51.256	18.135	48.905
2075.149000	26.341	34.244	38.301	15.824	29.423	51.386	18.456	48.642
2086.712000	26.373	34.238	38.454	15.874	29.262	51.846	18.373	48.441
2098.190000	26.470	33.814	37.869	15.970	29.038	51.234	17.954	48.482
2109.648000	26.251	33.966	38.100	15.787	29.048	51.711	18.066	48.362
2121.108000	26.539	34.549	38.485	15.983	29.137	52.029	18.776	48.794
2132.596000	27.005	34.669	38.580	15.931	29.106	51.581	18.236	48.879
2144.069000	26.625	34.382	38.402	15.865	29.458	50.930	18.186	48.748
2155.532000	26.594	34.551	38.521	15.934	29.398	51.588	18.523	48.916
2166.996000	26.932	34.604	38.436	15.929	29.367	51.818	18.400	48.929
2178.474000	26.805	35.392	38.553	15.977	29.446	51.803	18.498	49.269
2189.943000	26.590	34.478	38.520	15.820	29.284	51.992	19.035	49.046
2201.419000	26.628	34.828	39.443	15.743	29.721	52.258	18.674	49.468
2212.878000	26.507	34.423	38.457	15.585	29.464	51.177	18.580	48.858
2224.338000	26.338	34.044	38.367	15.505	29.329	51.289	18.365	48.467
2235.926000	26.198	34.313	38.400	15.893	29.164	51.767	18.298	48.835
2247.378000	26.478	34.067	38.324	15.854	28.904	51.092	18.281	48.123
2258.839000	26.699	34.533	38.441	16.065	29.440	51.620	18.095	48.685
2270.390000	26.635	34.410	38.623	16.126	29.556	51.953	18.624	49.204
2281.862000	26.758	34.007	38.640	15.786	29.415	51.951	18.298	49.058
2293.324000	26.385	34.281	38.467	15.975	29.956	51.437	18.434	48.444
2304.804000	26.610	34.614	38.619	16.050	29.648	51.270	18.721	48.476
2316.263000	26.718	34.382	38.636	16.030	29.431	51.904	18.639	49.020
2327.824000	27.330	34.888	38.782	16.303	29.762	52.006	18.985	49.251
2339.384000	27.028	34.302	38.920	16.405	29.773	52.004	18.505	49.110
2350.951000	26.326	34.551	39.288	15.991	29.173	52.419	18.503	49.279
2362.514000	26.869	34.516	38.858	15.914	29.889	52.471	18.924	49.228
2373.980000	26.656	34.237	38.990	16.276	28.689	51.428	18.625	48.675
2385.433000	25.804	33.546	37.931	15.612	27.978	50.424	18.060	48.387
2396.903000	25.842	33.674	38.244	15.291	28.895	50.753	18.014	47.694
2408.365000	26.100	34.056	37.782	15.489	28.985	50.918	17.979	47.997
2419.843000	26.401	34.078	38.592	15.849	29.221	51.335	18.360	48.869
2431.304000	26.612	34.681	38.457	15.888	29.715	51.774	18.566	48.985
2442.769000	26.582	34.315	38.628	15.805	29.523	51.243	18.474	48.620
2454.235000	26.894	34.160	38.130	16.122	29.780	51.829	18.626	48.785
2465.691000	26.446	34.685	38.953	15.999	29.729	52.268	18.450	49.409
2477.153000	26.861	34.860	38.620	15.759	30.068	51.423	18.524	50.213
2488.632000	26.692	34.658	38.446	16.122	30.194	52.452	18.771	49.548
2500.114000	26.595	34.486	38.804	16.064	30.063	51.762	18.826	49.324
2511.584000	26.498	34.791	39.128	16.069	29.458	52.020	18.605	50.144
2523.147000	26.818	34.762	39.125	16.067	30.327	52.631	18.741	49.714
2534.613000	26.397	34.491	38.086	15.754	29.769	51.366	18.624	48.270
2546.093000	26.788	34.973	38.672	16.205	29.860	52.519	18.784	49.088
2557.598000	26.781	34.669	38.942	15.964	29.302	51.765	18.639	49.307
2569.078000	26.884	34.275	38.053	15.994	29.493	51.767	18.625	49.338
2580.576000	26.785	34.732	38.532	16.111	29.965	51.810	18.774	49.673
2592.030000	26.825	34.793	39.073	16.049	29.759	52.874	18.665	49.742
2603.504000	27.030	34.750	38.247	15.878	29.944	52.003	18.644	49.192
2614.979000	27.287	35.174	39.225	16.342	30.092	52.838	18.444	50.297
2626.473000	27.349	35.248	39.417	16.433	30.241	52.738	19.314	50.356
2637.941000	27.011	35.401	39.716	16.254	30.036	53.207	18.738	50.213
2649.398000	27.196	34.949	39.558	16.194	29.629	52.518	18.799	49.925
2660.883000	27.140	35.721	39.672	16.279	30.055	53.423	19.098	50.377
2672.352000	27.281	35.220	39.471	16.414	30.474	53.605	18.992	50.047
2683.825000	27.165	34.541	39.234	16.350	29.989	52.099	18.778	50.233
2695.298000	27.105	34.932	39.228	16.222	30.008	52.677	18.763	50.081
2706.772000	27.256	35.029	39.222	16.280	30.111	51.967	18.653	50.209
2718.244000	27.343	34.985	39.184	16.267	29.638	52.970	18.860	50.026
2729.708000	27.100	34.518	38.816	16.304	29.992	52.666	18.660	49.574
2741.182000	27.011	34.833	39.162	16.117	29.874	52.175	18.602	50.389
2752.657000	26.587	34.712	39.313	16.266	30.461	51.973	18.936	49.658
2764.141000	27.336	35.041	39.496	16.416	29.831	52.167	18.994	50.123
2775.611000	27.148	34.752	39.411	16.467	30.218	52.446	18.682	50.211
2787.076000	27.029	35.290	39.444	16.376	29.960	53.236	18.831	49.998
2798.541000	27.031	34.776	38.713	16.332	29.820	52.391	18.544	49.154
2810.007000	26.888	34.696	38.858	16.178	29.731	52.974	18.763	49.616
2821.468000	26.656	34.693	39.029	16.162	29.834	52.564	18.636	49.917
2832.949000	26.916	34.839	39.534	16.276	29.897	52.761	18.781	49.401
2844.426000	27.084	35.013	39.478	16.257	30.299	52.138	18.319	49.675
2855.884000	26.962	34.768	38.938	16.290	29.934	52.330	18.622	50.173
2867.352000	27.426	34.776	39.319	16.490	30.207	52.113	18.854	49.826
2878.812000	26.738	35.059	39.292	16.386	30.216	52.378	18.839	49.730
2890.254000	26.813	34.751	39.140	16.227	30.421	52.335	18.678	49.759
2901.724000	27.145	35.171	39.286	16.574	29.944	52.373	19.142	50.090
2913.292000	27.059	35.778	38.680	16.255	30.735	52.944	19.117	50.254
2924.772000	27.048	35.226	39.126	15.959	30.121	52.737	19.019	50.122
2936.235000	27.042	35.114	39.253	16.128	30.227	53.394	18.888	49.995
2947.714000	27.256	34.647	39.285	16.400	30.150	52.684	19.106	50.437
2959.188000	27.527	34.958	39.896	16.425	30.081	53.158	19.013	50.045
2970.646000	27.299	35.399	39.480	16.465	30.460	52.724	18.788	50.156
2982.121000	27.225	35.016	38.953	16.429	30.455	53.002	18.816	49.637
2993.588000	27.314	35.416	39.296	16.159	30.013	51.741	18.788	50.103
3005.156000	27.190	35.500	39.168	16.525	30.424	53.170	19.213	50.062
3016.632000	26.867	34.888	39.139	16.255	30.733	52.439	18.941	50.669
3028.109000	27.137	35.155	38.757	16.239	30.314	52.051	18.966	49.638
3039.579000	27.086	34.468	38.916	16.412	30.490	52.871	19.017	50.472
3051.048000	27.143	35.066	39.580	16.389	30.000	53.631	19.064	50.650
3062.505000	27.398	35.312	39.817	16.619	30.328	53.550	19.239	50.605
3074.073000	27.231	35.290	39.859	17.022	30.702	54.267	19.173	51.311
3085.538000	26.918	35.388	39.491	16.439	29.970	53.665	18.687	50.507
3097.022000	27.420	36.059	40.082	16.787	30.587	53.109	19.146	50.812
3108.504000	26.950	34.651	39.027	16.111	30.151	52.803	18.602	50.190
3119.971000	27.299	35.312	39.167	16.629	30.266	52.730	18.926	49.588
3131.443000	27.030	34.591	38.543	16.422	30.148	52.099	18.869	49.238
3142.921000	27.086	35.157	39.405	16.278	30.341	52.935	18.842	50.221
3154.383000	27.045	35.069	39.154	16.503	30.214	52.801	19.177	50.001
3165.835000	27.102	35.162	38.780	16.367	30.492	52.826	18.828	50.250
3177.302000	27.179	34.294	39.118	16.265	29.876	52.394	18.798	49.733
3188.778000	27.296	34.505	39.307	16.118	30.049	52.998	18.950	49.297
3200.434000	27.169	34.450	39.131	16.402	30.146	53.037	19.093	50.378
3211.845000	26.830	35.123	39.677	16.271	29.938	52.211	18.748	50.719
3223.325000	26.923	35.202	38.999	16.349	30.506	52.707	18.826	50.492
3234.882000	26.891	35.474	40.133	16.566	30.126	53.701	18.936	50.576
3246.357000	26.783	34.989	39.077	16.304	30.220	51.963	18.826	49.705
3257.829000	26.821	35.023	38.848	16.070	29.264	52.822	18.587	49.210
3269.300000	26.670	34.494	38.268	15.978	29.998	51.325	18.802	48.714
3280.756000	26.494	34.550	38.461	16.506	30.251	51.404	18.762	49.286
3292.236000	27.046	34.640	38.599	16.150	30.170	51.319	19.097	49.932
3303.711000	26.882	34.738	38.855	16.308	30.214	52.119	18.858	49.619
3315.181000	27.070	34.382	38.609	16.419	29.690	52.035	18.910	49.711
3326.667000	27.095	35.030	38.826	15.985	30.106	51.733	18.689	49.921
3338.141000	26.463	34.445	39.193	16.289	29.914	51.618	18.818	48.403
3349.608000	26.729	34.975	38.278	16.145	30.201	50.943	18.987	48.675
3361.078000	27.071	34.750	38.634	16.179	30.082	51.681	18.891	48.925
3372.539000	26.520	34.069	37.931	16.307	30.188	50.932	18.656	48.646
3384.005000	26.911	35.115	38.295	16.096	30.293	50.494	18.633	49.307
3395.462000	26.995	35.061	39.268	16.428	30.028	52.662	18.913	49.986
3406.933000	27.038	34.647	38.790	16.525	30.653	52.289	19.232	49.771
3418.404000	26.563	34.527	38.923	16.264	30.218	51.746	19.102	49.149
3429.864000	27.175	34.789	39.481	16.394	29.865	53.454	18.965	50.859
3441.428000	27.377	35.300	40.198	16.527	30.676	53.143	18.864	50.170
3452.900000	27.050	34.664	38.881	16.447	30.306	52.154	18.796	49.490
3464.366000	26.947	34.541	39.571	16.455	30.055	52.578	18.786	50.636
3475.834000	26.799	35.109	39.601	16.812	30.068	53.084	18.920	50.360
3487.406000	27.193	35.118	39.154	16.446	30.562	53.031	19.126	50.062
3498.884000	27.005	34.601	39.169	16.302	30.182	51.504	18.692	49.733
3510.366000	26.960	35.131	39.306	16.354	30.358	53.052	18.879	49.911
3521.847000	27.034	34.771	39.016	16.362	29.831	51.956	18.889	48.923
3533.320000	26.762	34.768	38.281	16.539	30.094	51.460	18.970	49.183
3544.768000	27.102	34.717	38.659	16.480	30.420	52.349	18.858	49.803
3556.224000	26.967	34.780	39.304	16.837	29.996	52.085	19.249	49.672
3567.704000	27.310	34.589	38.489	16.490	29.928	51.871	19.015	49.847
3579.180000	27.270	35.444	39.036	16.526	30.527	52.562	19.100	50.541
3590.650000	26.914	34.628	39.146	16.624	30.224	52.119	18.982	50.189
3602.110000	26.812	35.318	38.539	16.121	30.263	52.119	18.761	49.724
3613.573000	26.979	35.314	39.001	16.110	30.676	52.276	18.900	49.486
3625.045000	27.462	34.368	38.367	16.450	30.997	51.944	19.001	49.635
3636.543000	28.163	35.341	40.073	16.839	30.613	53.426	19.674	51.099
3648.012000	27.697	35.056	39.708	16.775	30.300	53.067	18.916	51.139
3659.479000	27.352	35.811	39.670	16.643	30.521	52.890	19.265	51.402
3670.927000	27.473	34.749	39.588	17.072	30.188	53.093	18.984	50.551
3682.398000	26.864	34.558	38.361	16.412	30.474	51.631	19.101	49.512
3693.869000	27.288	35.105	39.799	16.573	30.698	52.723	19.008	50.383
3705.330000	27.592	34.937	39.979	16.647	30.158	53.202	19.369	50.473
3716.812000	27.838	35.629	40.360	16.695	31.054	52.677	19.257	51.246
3728.285000	27.195	35.727	39.875	17.068	30.514	53.137	18.984	51.219
3739.747000	27.382	35.393	39.325	16.673	30.794	52.842	19.005	49.542
3751.285000	27.577	35.272	39.573	16.685	30.790	53.057	19.417	50.058
3762.837000	27.455	36.078	40.720	16.634	30.887	53.835	19.192	51.923
3774.300000	28.273	36.472	40.942	17.042	30.757	53.300	19.113	52.126
3785.777000	27.235	36.174	40.310	16.884	30.842	53.733	19.260	52.129
3797.243000	27.512	35.831	40.563	16.916	31.541	54.174	19.446	51.612
3808.715000	27.610	35.140	39.969	16.704	31.025	52.642	19.336	50.936
3820.185000	27.465	35.916	40.108	16.889	30.852	53.379	19.213	51.303
3831.663000	27.909	36.361	40.146	17.104	30.889	54.373	19.761	52.275
3843.118000	27.915	35.641	40.717	16.808	31.194	53.634	19.610	50.976
3854.677000	28.057	36.259	40.395	16.956	31.403	53.648	19.697	50.904
3866.159000	27.911	36.606	39.912	16.822	31.522	53.390	19.708	51.330
3877.644000	28.005	36.236	40.083	16.899	31.216	54.716	19.526	51.425
3889.176000	27.176	36.085	41.040	17.006	31.205	54.453	19.757	51.690
3900.675000	28.142	36.115	40.678	17.087	31.322	54.230	19.324	52.172
3912.157000	27.918	35.862	39.658	16.916	31.462	53.652	19.372	50.789
3923.648000	28.028	35.747	39.366	16.846	30.940	53.289	19.539	51.032
3935.110000	27.340	35.721	40.045	17.005	31.315	52.700	19.760	50.678
3946.575000	28.088	36.762	40.491	17.369	31.592	54.937	19.925	52.556
3958.071000	27.863	35.408	39.920	16.916	31.493	53.450	19.648	51.019
3969.642000	28.013	36.205	40.480	17.238	31.743	53.962	19.893	51.625
3981.122000	27.828	36.029	40.660	16.868	31.012	54.300	19.542	51.865
3992.593000	27.891	35.965	40.301	16.977	30.801	53.352	19.176	51.063
4004.080000	27.672	35.638	40.218	16.832	30.931	54.074	19.210	51.548
4015.559000	27.771	35.888	39.930	16.971	31.252	53.474	19.797	50.724
4027.035000	27.613	36.142	40.239	16.985	31.488	54.047	19.311	51.624
4038.605000	28.098	36.716	41.550	17.409	31.773	54.488	19.918	52.934
4050.065000	27.931	35.794	40.590	16.811	31.452	54.729	19.555	52.351
4061.547000	28.074	36.439	40.807	17.195	31.937	54.817	19.704	52.495
4073.021000	27.848	36.314	41.208	17.058	31.883	54.681	19.452	52.663
4084.501000	27.999	35.526	40.898	17.022	31.090	54.030	19.528	51.620
4095.974000	27.722	35.822	40.893	17.017	31.043	54.018	19.340	51.908
4107.631000	28.046	35.696	40.361	16.991	31.163	52.955	19.323	51.524
4119.034000	27.650	35.653	40.438	16.934	31.422	52.784	19.508	51.212
4130.490000	27.644	36.516	40.416	17.118	31.008	54.513	19.528	52.671
4141.976000	28.090	35.948	41.184	17.354	31.684	54.465	19.748	52.625
4153.424000	27.820	36.564	40.634	17.205	31.504	54.784	19.444	52.360
4164.893000	28.170	36.188	40.916	17.220	31.318	55.054	19.513	52.779
4176.384000	27.999	35.876	40.689	17.079	31.225	54.063	19.509	51.106
4187.856000	27.898	35.765	39.737	16.855	31.018	52.142	19.795	50.602
4199.324000	27.856	35.954	40.280	17.007	31.441	53.874	19.296	51.136
4210.805000	27.760	35.772	40.166	16.806	30.948	53.131	19.691	50.746
4222.265000	27.661	35.574	39.786	16.777	30.908	52.816	19.529	50.004
4233.735000	27.960	35.796	40.055	16.865	31.132	52.593	19.763	50.727
4245.209000	28.010	36.263	40.132	16.965	30.765	53.740	19.375	51.204
4256.685000	28.020	35.623	40.116	16.900	31.182	52.717	19.436	51.265
4268.152000	27.985	35.994	40.825	16.978	31.281	53.720	19.751	51.090
4279.600000	28.039	35.773	40.240	16.926	31.109	53.114	19.489	51.386
4291.165000	28.190	36.631	41.045	17.438	31.535	55.204	19.585	52.947
4302.653000	28.214	36.052	41.388	17.460	31.057	55.287	19.884	52.512
4314.125000	27.930	35.827	41.009	17.042	31.775	54.964	19.683	52.267
4325.591000	27.961	35.911	40.803	17.033	31.237	53.770	19.509	51.684
4337.066000	28.267	35.854	40.137	16.808	31.239	53.622	19.413	51.604
4348.524000	27.447	36.033	40.736	17.091	30.976	54.446	19.298	52.541
4360.020000	27.815	36.135	40.914	16.786	30.844	54.087	19.368	52.027
4371.479000	27.247	35.611	40.440	17.094	31.267	53.830	19.571	51.146
4382.957000	27.507	35.272	39.780	17.011	31.090	53.045	19.328	50.390
4394.431000	27.840	35.960	39.705	16.947	30.951	53.125	19.610	50.058
4405.909000	28.174	36.089	39.358	16.792	31.312	52.842	19.844	50.592
4417.377000	27.868	36.104	40.623	17.125	31.544	53.903	19.217	51.378
4428.861000	27.941	36.099	40.383	16.981	31.438	53.707	19.558	51.559
4440.316000	27.835	35.910	40.677	16.913	31.102	53.529	19.346	50.928
4451.799000	28.186	36.366	40.742	17.411	31.613	54.932	19.642	52.528
4463.271000	28.233	36.110	41.443	16.900	31.419	54.864	19.716	53.159
4474.836000	28.550	36.826	41.623	17.483	31.861	55.744	20.203	53.648
4486.327000	28.256	36.017	40.202	16.963	31.750	53.356	19.486	51.275
4497.804000	27.948	36.242	40.523	17.040	31.130	54.415	19.909	51.851
4509.355000	28.368	36.236	39.949	17.124	31.441	53.524	19.766	51.192
4520.824000	27.957	35.733	40.059	17.150	31.250	53.180	19.858	50.783
4532.295000	28.059	36.034	41.133	17.329	31.053	53.475	19.844	51.655
4543.762000	28.128	35.743	41.318	17.169	31.635	54.924	19.767	52.700
4555.229000	28.106	36.005	40.284	17.155	31.162	54.350	19.688	51.378
4566.701000	28.096	36.296	41.323	17.239	31.134	55.547	19.863	52.921
4578.178000	27.911	35.944	40.705	17.321	31.582	54.343	19.800	52.081
4589.642000	27.959	37.045	41.043	17.234	31.443	54.254	19.467	52.385
4601.108000	28.195	36.449	40.804	17.083	31.290	54.733	19.377	52.267
4612.580000	28.420	36.102	41.355	17.019	31.855	54.282	19.605	52.104
4624.034000	28.739	37.175	41.177	17.786	31.905	55.185	20.046	53.613
4635.508000	28.167	36.556	40.779	17.343	31.745	54.040	19.726	52.200
4647.078000	28.981	36.918	40.743	17.257	31.766	53.826	19.899	51.713
4658.547000	28.097	36.157	40.781	16.897	31.651	54.355	19.730	51.845
4670.005000	28.480	36.503	42.217	17.507	32.083	55.070	19.705	53.164
4681.463000	28.503	36.545	40.854	17.177	31.571	55.558	19.743	53.704
4692.933000	28.329	36.748	41.833	17.188	31.388	55.339	20.077	53.234
4704.397000	28.635	37.175	41.984	17.414	31.672	55.333	19.490	53.542
4715.865000	28.244	36.829	40.931	17.553	31.159	54.272	19.895	52.557
4727.353000	28.772	36.121	41.724	17.216	31.880	55.045	19.974	52.710
4738.820000	28.342	36.030	40.636	17.330	31.699	54.142	19.544	51.721
4750.282000	28.338	36.122	41.010	17.145	32.068	54.434	19.716	51.892
4761.758000	28.123	36.916	41.488	17.196	32.033	54.819	19.804	53.086
4773.216000	28.274	36.208	41.045	17.152	31.963	55.218	19.731	52.584
4784.700000	28.678	35.867	40.524	17.439	31.871	53.519	19.778	51.163
4796.179000	28.092	36.461	39.969	17.273	31.855	53.223	19.562	51.226
4807.739000	28.739	36.964	41.797	17.633	32.093	54.425	20.141	52.774
4819.194000	28.630	36.427	41.707	17.630	32.160	54.636	20.267	52.656
4830.671000	28.600	36.685	41.563	17.599	32.523	55.484	20.495	53.954
4842.150000	28.856	36.575	41.375	17.409	31.960	54.543	20.162	52.490
4853.627000	28.527	37.146	41.176	17.061	31.856	54.152	20.379	51.784
4865.177000	28.874	36.499	41.613	17.476	32.743	55.052	20.370	52.658
4876.629000	28.660	37.439	42.129	17.330	32.060	55.789	20.091	53.064
4888.185000	29.078	36.689	41.541	17.721	32.435	55.270	20.115	53.563
4899.659000	28.678	36.794	41.592	17.524	32.094	54.405	19.992	53.213
4911.150000	28.557	36.610	42.038	17.402	32.293	55.815	20.308	53.764
4922.626000	29.269	37.251	42.288	17.781	32.355	56.021	20.197	54.608
4934.089000	28.990	37.048	42.092	17.715	32.598	56.279	19.957	53.785
4945.565000	29.016	36.612	41.432	17.488	32.638	55.565	19.982	53.327
4957.026000	29.381	36.863	42.102	17.628	32.140	55.778	19.938	53.767
4968.498000	29.344	37.709	42.661	17.820	32.275	56.700	20.371	55.397
4979.967000	29.394	36.784	41.807	17.744	32.400	55.229	20.293	52.972
4991.453000	28.969	36.745	42.584	17.694	32.511	55.830	20.099	54.070
5003.104000	29.100	37.123	41.346	17.580	32.739	55.180	20.417	52.767
5014.490000	28.594	36.874	41.698	17.336	32.605	54.116	20.283	52.803
5025.964000	28.552	36.969	41.716	17.628	32.280	55.082	20.112	52.848
5037.442000	29.310	37.003	42.370	17.457	32.874	55.127	20.150	53.333
5048.907000	29.437	36.777	41.381	17.730	32.533	54.221	20.403	52.674
5060.382000	29.203	36.435	40.553	17.642	32.114	53.668	20.173	51.342
5071.859000	29.194	36.869	40.854	17.538	31.969	55.019	20.111	52.444
5083.337000	28.857	36.998	41.008	17.622	32.523	55.012	20.137	53.054
5094.903000	29.532	37.888	41.729	17.815	32.594	55.388	20.469	52.748
5106.382000	29.309	36.682	42.920	17.861	32.628	55.961	20.395	53.172
5117.951000	29.309	36.966	43.001	17.611	32.794	57.000	20.263	53.684
5129.410000	29.499	37.489	42.293	17.650	32.587	56.232	20.314	55.087
5140.867000	29.531	37.529	43.200	17.967	32.755	56.939	20.448	54.838
5152.336000	29.998	37.882	43.324	18.098	32.633	56.485	20.696	54.535
5163.809000	29.627	37.262	42.846	18.291	32.336	57.845	20.807	54.487
5175.303000	29.506	36.803	42.545	17.992	32.569	55.212	20.289	53.753
5186.774000	29.893	37.611	42.753	17.843	32.940	56.237	20.650	53.963
5198.246000	29.281	37.526	42.713	17.782	32.732	56.716	20.339	55.269
5209.708000	29.551	37.251	42.900	17.682	32.492	56.656	20.214	54.267
5221.191000	29.431	37.887	42.923	17.889	32.479	56.937	20.674	55.752
5232.669000	29.413	37.092	42.555	17.560	32.279	56.968	20.568	54.443
5244.131000	29.147	36.706	41.630	17.641	32.318	54.812	20.328	52.265
5255.673000	29.600	37.033	42.221	17.826	32.724	56.171	20.160	53.269
5267.137000	28.957	36.949	41.711	17.603	32.327	55.011	20.154	52.954
5278.615000	29.414	37.332	41.215	17.827	32.546	54.907	20.248	52.105
5290.087000	29.095	37.121	41.933	17.711	32.613	55.533	20.415	54.010
5301.563000	29.696	36.889	41.850	17.837	32.744	55.336	20.142	53.156
5313.035000	29.080	37.101	42.739	17.970	32.879	56.572	20.326	54.878
5324.507000	29.353	37.279	43.207	18.025	32.810	56.573	20.907	54.078
5335.971000	29.297	36.887	41.207	17.759	32.562	54.299	20.298	52.276
5347.446000	29.734	37.111	42.869	18.010	32.980	56.181	20.419	53.581
5358.936000	30.210	37.938	43.566	17.898	33.445	57.667	20.593	55.017
5370.408000	29.262	37.999	42.852	18.037	32.831	57.811	20.558	55.403
5381.868000	29.764	37.411	41.699	17.788	33.032	55.912	20.314	54.041
5393.332000	29.268	37.026	42.301	17.851	33.155	55.914	20.635	54.540
5404.821000	29.729	37.644	42.981	17.743	32.848	56.676	20.709	54.111
5416.385000	29.966	37.703	42.100	17.964	33.392	56.344	20.581	53.656
5427.843000	29.157	37.273	42.593	17.854	32.496	56.084	20.510	53.312
5439.309000	29.791	37.060	41.273	18.056	32.720	54.442	20.462	52.620
5450.788000	29.572	36.889	41.603	17.770	32.712	54.340	20.525	52.683
5462.262000	29.425	37.336	41.732	17.986	32.940	55.079	20.512	52.566
5473.733000	29.439	37.624	42.821	17.781	32.693	56.051	20.810	54.509
5485.211000	29.560	37.710	42.868	18.391	32.758	57.472	20.713	55.041
5496.684000	29.716	37.135	41.841	17.749	32.707	54.993	20.555	52.554
5508.180000	29.427	37.432	41.893	17.761	33.251	55.457	20.701	53.858
5519.666000	29.422	37.263	41.366	18.045	32.771	55.029	20.441	53.194
5531.132000	29.509	37.222	43.464	17.891	32.678	57.009	20.397	55.028
5542.601000	29.700	37.990	43.324	17.980	33.181	56.700	20.328	54.927
5554.085000	29.981	37.908	43.733	17.995	33.445	57.859	20.619	56.188
5565.561000	30.065	38.095	43.887	18.304	33.055	57.590	20.565	55.668
5577.023000	29.756	37.401	42.589	17.812	33.091	56.600	20.660	55.182
5588.490000	29.529	37.868	43.092	17.933	33.213	57.651	20.974	55.861
5599.951000	29.830	37.444	42.508	17.974	32.837	55.672	20.199	53.652
5611.431000	29.921	37.484	41.554	17.871	33.131	54.774	20.554	53.412
5622.994000	29.840	38.133	43.233	18.139	33.661	56.618	20.615	54.070
5634.465000	29.770	37.754	42.906	17.912	32.691	57.395	20.615	55.660
5645.931000	29.565	37.672	41.615	17.993	32.813	54.482	20.441	51.715
5657.492000	29.552	37.759	42.299	17.863	33.132	54.739	20.553	53.620
5668.978000	29.655	37.559	41.705	17.802	32.372	54.621	20.716	53.448
5680.454000	29.701	37.244	42.612	18.046	32.555	55.528	20.520	54.227
5691.931000	29.836	37.205	41.793	17.841	33.341	54.096	20.554	52.431
5703.410000	29.695	37.617	42.023	18.034	32.711	55.711	20.675	53.630
5714.876000	29.861	37.683	42.553	18.021	32.796	55.571	20.777	53.804
5726.335000	29.868	37.976	43.042	18.024	33.073	55.969	20.537	54.133
5737.809000	29.952	37.782	42.799	17.950	33.198	56.133	20.607	53.893
5749.290000	30.122	38.205	42.715	17.972	32.832	55.984	20.680	53.625
5760.780000	29.716	37.530	41.333	18.012	33.063	54.969	20.522	52.208
5880.605000	29.852	38.303	44.009	18.360	33.107	58.023	20.788	56.691
5891.705000	29.570	37.770	43.081	18.101	32.886	56.932	20.875	55.721
5903.190000	30.080	38.078	43.247	18.199	33.178	57.698	20.682	54.679
5914.663000	30.182	37.811	42.924	18.238	33.356	55.879	20.793	55.057
5926.151000	29.808	37.935	40.567	18.085	33.164	54.291	20.660	52.108
5937.614000	30.162	38.041	42.545	18.108	33.346	55.609	20.467	54.194
5949.080000	29.917	38.502	42.469	18.226	33.434	55.870	20.405	54.680
5960.562000	30.097	37.355	41.690	17.980	33.045	55.221	20.640	53.422
5972.122000	29.715	37.906	42.432	18.424	33.380	55.146	20.729	53.804
5983.606000	29.809	37.642	42.641	18.109	33.179	55.766	20.612	54.040
5995.064000	29.865	37.693	42.698	17.910	33.184	56.610	20.470	54.456
6006.540000	30.197	37.483	43.351	18.309	33.089	57.582	20.738	54.724
6018.019000	29.911	38.171	43.679	18.225	33.387	58.541	20.721	56.101
6029.497000	30.022	37.747	43.450	17.966	33.283	56.680	20.902	55.071
6040.956000	29.466	37.841	42.301	18.279	32.842	56.092	20.982	53.035
6052.417000	30.535	37.881	42.944	18.140	33.137	56.656	20.580	54.413
6063.879000	29.892	38.088	42.847	18.200	32.933	55.387	20.802	54.086
6075.357000	30.263	38.137	43.315	18.216	33.316	57.179	20.623	55.278
6086.820000	29.683	38.188	42.486	18.013	33.393	56.042	20.438	53.829
6098.285000	30.222	37.631	42.338	18.302	33.191	54.919	20.640	52.889
6109.765000	29.965	37.735	42.725	18.043	33.157	55.841	20.671	53.541
6121.272000	30.045	37.620	41.946	18.317	33.423	54.726	20.720	52.616
6132.753000	30.074	37.512	42.222	17.918	32.686	55.222	20.778	54.041
6144.215000	29.714	37.774	40.908	18.164	32.775	54.885	20.820	52.164
6155.572000	29.936	37.675	42.418	18.547	33.048	57.425	21.197	54.781
6167.052000	30.107	37.651	41.796	18.176	32.812	56.009	20.596	53.128
6178.518000	29.771	38.002	42.065	18.108	33.414	55.557	20.691	53.610
6189.999000	29.822	38.448	43.310	18.071	32.891	57.167	20.715	56.034
6201.474000	29.804	37.975	40.948	17.984	33.230	54.434	20.833	52.432
6212.969000	30.451	38.265	44.195	18.572	33.263	58.310	21.189	55.526
6224.446000	30.469	38.168	43.504	18.487	33.436	57.600	20.869	56.266
6235.918000	29.681	37.936	42.089	17.923	33.262	54.279	20.627	52.515
6247.388000	29.932	37.611	42.120	17.985	33.521	55.215	20.836	53.434
6258.847000	29.502	37.700	41.992	18.152	33.329	55.695	20.843	52.712
6270.312000	30.314	37.950	43.095	18.170	33.339	57.049	20.387	55.299
6281.789000	30.179	38.095	44.020	18.263	33.474	57.954	20.929	56.293
6293.287000	30.201	37.843	42.685	18.237	33.537	55.591	20.785	53.221
6304.761000	30.214	37.972	43.372	18.077	33.523	56.928	20.478	54.930
6316.330000	30.253	38.172	43.944	18.573	33.630	57.461	20.950	55.504
6327.809000	30.242	37.851	41.812	18.189	33.416	54.890	20.623	53.316
6339.281000	30.057	38.119	41.909	18.132	33.406	55.363	20.661	53.523
6350.753000	29.894	37.312	40.977	18.125	33.276	53.903	20.828	51.432
6362.211000	29.861	37.208	41.596	18.136	33.261	54.222	20.438	51.982
6373.680000	30.045	37.399	40.963	18.130	33.321	54.513	20.485	51.488
6385.135000	30.083	37.817	42.028	18.053	33.372	54.578	20.711	52.615
6396.615000	30.190	37.809	41.959	18.322	33.004	54.752	20.826	53.279
6408.099000	30.088	38.912	43.575	18.716	33.413	58.199	21.071	56.188
6419.575000	30.276	38.634	43.606	18.473	33.645	58.635	21.352	56.225
6431.052000	30.056	38.231	43.540	18.197	33.287	57.154	20.721	56.186
6442.521000	29.891	38.290	43.736	18.256	33.542	58.255	20.955	56.293
6454.002000	29.809	37.906	42.513	17.946	33.149	56.511	20.686	55.264
6465.484000	29.677	38.165	42.696	18.394	33.836	55.757	20.810	54.147
6476.953000	29.940	38.121	42.200	18.198	33.497	55.045	20.520	53.095
6488.419000	29.953	37.793	43.255	17.845	33.356	57.304	20.506	56.478
6499.890000	29.916	37.867	42.384	18.285	33.421	56.270	20.672	54.370
6511.348000	30.055	38.411	42.950	18.350	33.466	55.707	20.900	53.855
6522.818000	29.676	38.094	42.525	18.056	33.357	55.497	20.667	53.362
6534.282000	29.698	38.159	42.607	18.073	33.176	55.297	20.665	53.721
6545.752000	30.223	37.934	42.361	18.423	33.518	57.166	20.831	54.182
6557.222000	30.204	38.185	42.624	18.271	33.538	55.641	20.921	54.007
6568.697000	30.584	38.605	43.999	18.066	33.535	58.527	20.977	56.221
6580.181000	30.549	38.213	43.557	18.251	33.567	58.704	21.089	57.215
6591.657000	29.882	38.291	43.344	18.154	33.175	57.864	20.744	55.919
6603.114000	29.934	38.496	42.902	18.137	33.446	56.378	20.460	54.721
6614.578000	29.872	37.716	42.448	18.231	33.225	55.695	20.864	54.638
6626.051000	30.090	38.018	42.759	18.175	33.278	56.333	20.974	53.909
6637.547000	30.341	37.995	42.536	18.394	33.659	56.086	20.948	54.153
6649.039000	30.525	38.491	43.577	18.280	33.557	57.557	20.932	55.392
6660.524000	30.238	38.363	43.664	18.359	33.360	57.426	21.280	55.840
6671.997000	29.818	38.121	43.144	18.342	33.548	55.899	20.870	54.082
6683.494000	30.266	37.997	41.774	18.267	33.015	54.890	21.014	52.833
6695.152000	30.290	38.080	42.427	18.171	33.661	56.047	20.749	54.423
6706.559000	30.173	37.813	42.011	18.162	33.396	55.642	20.863	53.471
6718.038000	30.405	37.993	42.962	18.186	33.545	56.291	20.998	53.848
6729.504000	30.021	38.328	42.753	18.187	33.568	55.827	20.955	54.702
6740.980000	30.212	37.865	42.252	18.191	33.107	55.458	20.857	53.690
6752.444000	29.985	37.755	42.302	18.224	33.145	56.088	20.951	54.400
6764.003000	30.321	38.848	44.075	18.619	33.966	57.881	21.218	56.407
6775.477000	30.045	38.212	43.663	18.403	33.085	56.336	20.818	54.978
6786.954000	30.053	38.263	43.533	18.477	33.592	57.012	20.953	55.246
6798.409000	30.284	38.451	42.212	18.247	33.435	55.226	20.857	52.992
6809.971000	30.353	37.923	42.209	18.435	33.739	55.441	20.743	53.721
6821.439000	30.265	37.925	42.535	18.236	33.387	55.423	20.788	53.698
6832.914000	29.785	37.580	42.260	18.464	33.230	55.289	20.870	53.654
6844.382000	29.820	37.785	42.568	17.975	33.638	55.667	20.475	54.436
6855.854000	30.237	38.181	41.716	18.276	33.553	56.020	20.687	53.018
6867.340000	30.319	38.086	42.522	18.007	33.460	55.077	20.677	54.108
6878.802000	29.946	38.313	42.729	18.499	33.871	55.967	20.904	54.133
6890.262000	30.428	37.841	42.142	17.965	33.740	55.261	21.042	53.981
6901.725000	30.167	38.001	41.706	18.406	33.633	55.493	20.901	53.652
6913.190000	30.185	37.983	42.117	18.587	33.521	55.328	20.790	53.497
6924.671000	29.819	38.403	42.535	18.319	33.454	55.389	20.813	53.823
6936.150000	30.119	37.721	41.195	18.307	33.149	55.630	21.053	52.821
6947.613000	29.976	37.863	43.511	18.262	33.267	56.541	20.954	54.479
6959.097000	29.869	38.395	42.311	18.333	33.815	56.539	21.097	53.257
6970.578000	30.201	37.604	41.850	18.183	33.502	54.654	20.953	52.990
6982.042000	30.029	37.867	41.468	18.284	33.213	55.160	21.111	53.161
6993.511000	29.779	37.965	42.528	18.272	33.508	56.213	21.069	54.014
7004.987000	30.119	37.593	41.098	18.129	33.609	54.509	20.732	52.079
7016.475000	30.072	38.074	41.714	18.268	33.081	55.076	20.936	52.888
7027.948000	30.247	38.280	43.619	18.234	33.432	56.816	21.198	55.148
7039.410000	30.237	37.726	42.401	18.119	33.369	55.782	20.723	53.217
7050.896000	30.069	37.993	42.040	18.184	33.495	55.219	20.673	53.138
7062.374000	30.449	37.981	42.562	18.448	33.685	55.631	21.317	53.473
7073.864000	30.383	38.279	44.084	18.601	33.774	58.390	21.137	56.407
7085.342000	29.772	38.113	42.494	17.986	33.457	55.855	20.732	53.855
7096.821000	30.207	38.419	44.116	18.254	33.912	57.201	20.779	55.408
7108.303000	30.182	38.474	42.558	18.324	33.440	55.961	20.858	54.054
7119.784000	30.167	38.045	42.516	18.315	33.492	55.978	21.029	54.808
7131.268000	29.836	38.246	44.007	18.283	33.959	56.943	20.911	55.408
7142.730000	29.825	37.922	41.476	18.093	33.531	54.841	20.790	53.103
7154.201000	30.214	37.297	40.310	18.068	33.493	53.698	20.797	51.166
7165.681000	30.046	37.379	40.993	18.418	33.677	54.248	20.920	51.501
7177.155000	30.376	37.884	40.665	18.272	33.698	54.073	20.970	52.340
7188.628000	30.668	38.024	42.181	18.314	33.553	55.644	21.138	53.265
7200.099000	30.402	38.043	41.595	18.454	33.957	55.351	20.976	53.144
7211.573000	30.529	38.683	43.737	18.361	33.484	57.288	21.007	56.040
7223.056000	30.394	38.341	42.231	18.532	33.622	55.194	20.964	53.696
7234.519000	30.305	38.668	43.472	18.630	33.787	56.998	20.962	55.154
7245.996000	29.959	38.201	43.989	18.411	33.656	56.959	20.996	55.371
7257.463000	30.109	38.124	42.540	18.413	33.481	55.672	20.803	54.155
7268.913000	30.140	38.157	41.801	18.441	33.622	55.362	20.926	53.717
7280.396000	30.027	38.059	42.521	18.492	33.743	55.585	21.221	53.945
7291.864000	29.905	38.043	42.544	18.383	33.709	56.576	20.917	54.734
7303.357000	30.305	38.105	42.463	18.577	33.840	55.832	20.870	53.829
7314.842000	30.555	37.744	41.522	18.373	33.609	54.853	21.005	52.175
7326.311000	30.048	38.247	41.908	18.462	33.727	55.289	21.090	53.709
7337.791000	30.477	38.198	43.136	18.472	33.606	56.845	20.902	54.803
7349.312000	30.289	38.690	42.645	18.544	33.850	55.857	21.034	53.793
7360.819000	30.700	38.524	43.254	18.512	33.874	57.675	21.050	55.627
7372.295000	30.595	38.895	44.335	18.628	34.205	58.525	21.254	57.480
7383.768000	30.717	39.200	44.240	18.512	33.932	58.605	21.107	57.599
7395.253000	30.553	38.973	44.451	18.467	33.736	58.342	21.059	57.463
7406.735000	30.164	38.622	44.077	18.537	33.657	58.254	21.274	56.942
7418.208000	30.442	39.034	44.313	18.307	33.672	58.518	21.163	56.745
7429.761000	30.692	38.841	43.671	18.541	33.779	56.885	21.178	55.510
7441.239000	30.334	38.571	43.476	18.426	33.638	56.373	21.187	54.141
7452.814000	30.714	38.683	43.570	18.639	34.131	57.020	21.152	55.315
7464.285000	30.458	38.526	44.481	18.681	33.893	57.128	21.105	55.596
7475.746000	30.830	40.886	44.834	18.788	34.467	59.815	21.638	58.331
7487.220000	30.476	38.916	44.156	18.958	34.073	58.829	21.116	57.017
7498.759000	30.487	38.555	44.210	18.787	33.701	59.001	21.530	56.827
7510.309000	30.481	39.046	44.361	18.676	34.141	58.997	21.195	57.507
7521.786000	30.275	38.203	43.919	18.487	33.857	57.183	21.072	54.548
7533.272000	30.424	38.418	42.951	18.270	33.591	55.620	21.320	54.161
7544.748000	29.958	38.006	43.827	18.649	33.708	57.445	20.847	55.721
7556.231000	30.025	38.413	43.619	18.382	34.177	57.738	21.054	55.564
7567.723000	30.169	38.461	44.050	18.598	33.894	57.224	21.188	55.501
7579.188000	30.335	38.836	44.282	18.674	33.916	58.155	20.900	56.739
7590.829000	30.502	38.676	44.452	18.706	34.175	58.070	21.244	55.929
7602.234000	30.102	38.689	44.256	18.666	33.811	57.559	21.222	55.354
7613.706000	30.008	38.331	43.023	18.471	33.583	55.887	21.010	53.606
7625.166000	30.443	38.378	42.260	18.433	33.449	55.092	21.288	53.343
7636.631000	30.348	38.485	43.587	18.603	33.428	57.095	21.158	55.320
7648.094000	30.428	37.276	41.180	18.497	33.610	53.992	20.895	51.464
7659.555000	30.429	38.106	42.952	18.569	33.755	55.482	21.361	54.482
7671.020000	30.392	39.084	43.809	18.350	33.579	56.338	21.085	55.218
7682.490000	30.164	37.926	41.258	18.347	33.326	54.251	21.139	52.521
7693.974000	30.303	37.956	43.053	18.479	33.600	56.001	21.075	54.682
7705.439000	30.528	38.675	43.266	18.418	33.741	56.654	21.165	54.883
7717.000000	30.531	38.755	43.842	18.673	34.370	56.766	21.342	55.056
7728.470000	30.588	38.784	44.317	18.697	33.857	57.561	21.121	55.812
7739.942000	30.643	38.974	43.848	18.692	33.612	57.511	21.198	55.928
7751.506000	30.629	38.750	44.231	18.779	34.460	57.902	21.423	56.194
7762.983000	30.551	38.928	43.549	18.607	33.731	56.455	21.077	55.342
7774.457000	30.188	38.441	42.893	18.505	33.547	54.788	20.845	52.730
7785.908000	30.046	38.080	41.962	18.373	33.152	54.583	21.157	52.967
7797.410000	30.714	38.247	43.090	18.374	33.992	56.744	21.138	54.880
7808.894000	28.562	36.377	41.096	17.183	31.980	55.498	20.054	53.992
7820.357000	30.553	38.667	44.273	18.900	34.271	58.871	21.308	57.173
7831.845000	30.409	38.736	43.795	18.579	33.778	58.122	21.032	56.879
7843.318000	30.248	38.663	43.812	18.566	34.119	58.976	21.184	56.923
7854.806000	30.430	39.324	44.131	18.850	33.810	59.134	21.201	57.754
7866.277000	30.569	39.059	44.137	18.500	33.944	57.093	21.144	55.525
7877.762000	30.841	38.546	44.085	18.543	33.851	58.072	21.177	56.627
7889.247000	30.675	38.513	44.088	18.825	33.807	58.769	21.082	57.433
7900.711000	30.565	39.341	44.752	18.580	34.184	59.112	21.578	57.051
7912.173000	30.136	38.419	43.910	18.343	34.149	57.555	21.308	56.472
7923.658000	30.040	38.251	41.782	18.509	33.887	55.267	21.050	53.229
7935.130000	30.439	38.613	43.763	18.625	33.403	57.058	21.093	55.849
7946.606000	30.076	38.636	42.836	18.511	34.031	56.240	20.958	54.444
7958.067000	30.149	38.172	42.787	18.591	33.570	55.300	21.208	53.137
7969.540000	30.147	38.510	43.661	18.366	33.934	56.284	21.186	55.317
7981.098000	30.253	38.005	41.825	18.601	34.226	54.474	20.839	53.162
7992.570000	30.355	38.656	43.702	18.652	34.029	55.976	21.064	54.411
8004.041000	30.473	38.510	43.372	18.499	33.847	56.088	21.176	54.533
8015.517000	30.346	38.559	44.693	18.591	34.351	58.041	21.121	56.739
8026.986000	30.471	38.727	43.304	18.607	33.936	56.004	21.166	54.945
8038.457000	30.617	38.791	43.591	18.670	34.057	57.169	21.115	54.726
8049.919000	30.322	38.495	42.816	18.513	33.402	56.593	20.993	54.743
8061.396000	30.329	38.542	41.671	18.577	34.046	55.263	20.801	53.767
8072.858000	30.490	37.613	41.800	18.323	34.067	55.870	21.095	53.310
8084.316000	30.264	38.435	43.292	18.458	33.930	56.875	20.953	54.558
8095.771000	30.444	38.711	44.172	18.714	34.104	57.536	20.892	56.210
8107.250000	30.688	38.895	43.993	18.722	34.189	57.498	21.204	56.086
8118.701000	30.731	39.095	44.617	18.953	34.410	59.379	21.314	57.671
8130.170000	31.469	40.338	45.595	19.343	34.351	59.926	21.541	58.202
8141.732000	30.461	38.578	42.971	18.706	34.327	56.596	21.400	54.371
8153.203000	30.449	38.109	42.706	18.637	33.945	55.404	20.811	52.842
8164.683000	30.260	37.682	41.256	18.543	33.871	53.814	21.115	52.177
8176.162000	30.691	38.235	43.108	18.734	34.140	55.911	21.407	54.223
8187.635000	30.480	38.557	43.653	18.701	34.371	57.547	21.302	55.303
8199.110000	30.339	38.445	42.373	18.850	33.852	55.320	21.243	53.731
8210.593000	30.587	37.824	41.522	18.669	34.260	54.279	20.996	52.488
8222.055000	30.245	38.580	43.432	18.616	33.740	56.444	21.383	54.826
8233.524000	30.827	38.526	43.562	18.744	33.820	56.836	21.189	54.480
8245.012000	30.572	38.745	44.726	18.798	33.974	58.049	21.286	56.461
8256.473000	30.386	38.577	43.784	18.530	33.777	57.807	21.303	56.044
8267.946000	30.693	39.434	44.812	18.986	34.196	59.304	21.407	57.685
8279.400000	30.633	39.122	44.571	19.027	33.730	57.657	21.298	56.608
8290.855000	30.238	38.659	43.747	18.851	33.962	57.028	21.164	55.184
8302.324000	30.506	38.396	41.768	18.770	34.299	54.719	21.102	53.246
8313.813000	30.680	38.477	43.283	18.761	34.041	55.586	21.407	54.101
8325.295000	30.459	38.244	42.382	18.558	33.899	55.157	21.078	52.960
8336.788000	30.461	39.046	44.416	18.626	33.919	57.111	21.093	55.886
8348.262000	30.470	39.048	43.834	18.811	33.795	58.074	21.107	56.396
8359.737000	30.659	38.642	42.951	18.736	34.012	55.583	21.135	53.606
8371.207000	30.735	38.840	43.476	18.683	33.970	56.532	21.258	55.074
8382.684000	30.711	38.482	44.218	18.774	34.095	58.130	21.335	56.078
8394.151000	30.482	38.758	43.470	18.876	34.040	55.761	21.268	54.231
8405.632000	30.716	37.924	42.962	18.679	33.816	55.402	21.288	54.028
8417.114000	30.798	38.827	43.336	18.676	33.796	56.134	21.136	54.324
8428.685000	30.969	39.214	43.953	18.905	34.555	56.372	21.401	54.651
8440.149000	30.620	38.715	43.422	18.789	34.084	56.538	21.109	54.499
8451.630000	30.588	39.016	44.173	18.651	34.164	57.588	21.280	55.350
8463.108000	30.423	38.740	43.244	18.637	34.086	55.436	21.286	53.376
8474.583000	30.471	38.747	43.221	18.726	34.250	57.276	21.061	55.802
8486.056000	30.409	38.604	43.479	18.664	34.005	57.000	21.356	54.135
8497.714000	31.122	39.553	45.069	19.221	34.420	59.423	21.524	58.194
8509.127000	30.790	38.867	44.614	18.776	34.084	58.692	21.263	57.542
8520.583000	30.581	39.261	44.664	18.701	34.142	58.229	21.537	57.585
8532.053000	30.866	39.156	44.774	19.225	34.330	59.350	21.335	58.046
8543.518000	30.517	38.711	44.162	18.949	34.180	59.016	21.200	58.206
8554.989000	30.782	38.476	42.668	18.805	34.114	56.112	21.170	53.807
8566.464000	30.476	37.412	40.590	18.600	33.922	53.050	21.352	51.237
8577.926000	30.528	37.711	40.285	18.553	34.092	52.918	21.277	51.707
8589.383000	30.410	37.963	41.231	18.491	34.080	54.094	21.321	51.657
8600.827000	30.569	38.018	42.125	18.752	34.003	55.360	21.213	53.619
8612.291000	30.660	38.543	43.419	18.737	33.970	56.252	21.231	54.423
8623.766000	30.486	38.957	44.430	18.880	34.039	57.718	21.085	56.143
8635.252000	30.480	39.251	44.757	18.866	34.580	59.220	21.239	58.006
8646.717000	30.352	38.274	41.812	18.748	33.838	54.821	21.269	52.405
8658.182000	30.649	38.514	42.525	18.721	34.422	54.991	21.390	53.592
8669.672000	30.589	38.545	43.583	18.802	34.505	56.992	21.468	55.087
8681.152000	30.953	38.862	43.341	18.908	34.314	57.179	21.472	55.541
8692.635000	30.854	38.439	43.094	18.678	34.501	56.335	21.282	54.487
8704.107000	30.746	38.871	44.234	18.848	34.026	57.659	21.415	55.582
8715.577000	30.684	38.736	43.044	18.738	34.402	56.161	21.248	54.166
8727.059000	30.837	38.377	43.093	18.888	34.017	56.199	21.457	54.026
8738.532000	30.504	38.303	41.630	18.648	34.423	54.098	21.173	52.154
8749.994000	30.684	38.200	41.119	18.745	34.300	54.181	21.221	52.204
8761.476000	30.654	38.282	42.119	18.837	34.106	55.631	21.240	53.008
8772.963000	30.895	38.915	42.674	18.857	34.474	56.487	21.419	54.100
8784.442000	30.692	38.515	43.078	18.631	34.306	56.223	21.468	54.329
8795.917000	30.737	38.352	43.047	18.799	34.334	56.066	21.236	54.264
8807.378000	30.571	38.629	42.723	18.872	34.106	55.926	21.314	52.841
8818.855000	30.463	38.516	42.876	18.889	34.581	55.027	21.078	53.558
8830.332000	30.900	38.744	43.204	18.840	34.273	56.809	21.531	54.781
8841.806000	30.967	39.086	44.577	18.889	34.502	58.618	21.551	56.783
8853.278000	31.475	41.332	45.606	19.568	34.801	60.734	22.160	59.119
8864.738000	30.781	39.384	45.058	18.911	34.319	58.730	21.148	57.929
8876.212000	31.039	39.630	45.141	18.925	34.819	59.828	21.483	58.453
8887.681000	30.868	39.337	43.734	18.824	34.243	56.144	21.409	55.030
8899.146000	30.311	38.387	43.998	18.711	34.370	58.940	21.439	57.287
8910.620000	30.970	39.087	43.630	18.870	34.538	56.758	21.156	54.441
8922.101000	30.769	39.097	43.799	18.927	34.414	57.256	21.491	55.236
8933.565000	30.734	38.553	43.568	18.764	34.389	56.307	21.623	54.940
8945.032000	31.215	39.070	43.466	18.926	34.445	56.099	21.419	55.142
8956.506000	31.250	39.392	44.910	18.909	34.662	57.756	21.340	56.389
8967.979000	31.027	39.204	44.050	18.789	34.435	57.464	21.357	54.651
8979.458000	30.904	39.266	44.682	18.881	34.071	59.324	21.341	56.918
8990.918000	30.463	37.601	41.065	18.516	34.350	53.115	20.992	51.616
9002.387000	30.886	37.933	41.751	18.748	33.966	54.018	21.475	52.649
9013.856000	30.928	38.222	42.282	18.930	34.297	54.583	21.319	52.705
9025.415000	31.128	39.083	42.893	18.861	34.658	56.421	21.507	54.707
9036.885000	30.746	39.269	44.546	18.894	34.538	57.655	21.591	56.679
9048.341000	30.511	38.442	42.517	18.795	34.501	55.620	21.592	53.488
9059.799000	30.832	38.543	43.012	18.702	34.214	55.844	21.245	54.354
9071.284000	30.885	37.961	41.456	18.730	34.663	54.814	21.208	52.710
9082.748000	30.702	39.062	42.591	18.735	34.623	55.310	21.444	53.366
9094.216000	30.719	38.656	42.823	18.677	34.515	55.705	21.361	53.906
9105.668000	30.688	38.744	42.680	19.023	34.245	55.870	21.396	53.402
9117.152000	30.926	39.007	42.396	18.673	34.342	55.449	21.298	53.437
9128.636000	30.674	38.355	44.356	18.843	34.374	58.580	21.217	57.237
9140.098000	31.078	38.694	42.319	18.700	34.033	55.955	21.495	53.875
9151.557000	30.849	38.845	43.994	18.697	34.272	57.202	21.251	54.987
9163.027000	31.146	38.750	42.722	18.920	34.292	55.674	21.753	54.354
9174.496000	30.244	38.916	44.072	18.465	34.023	58.546	20.838	56.978
9185.959000	31.221	39.754	45.249	19.187	34.488	59.683	21.561	58.589
9197.530000	31.479	39.536	44.035	19.087	34.899	58.059	21.710	56.008
9208.941000	31.033	38.837	43.555	18.897	34.657	56.048	21.449	54.697
9220.390000	31.488	39.253	44.990	19.117	34.620	58.241	21.564	56.975
9231.890000	31.021	39.215	44.763	18.763	34.193	59.695	21.488	57.043
9243.387000	31.285	39.754	45.232	19.335	34.666	59.338	21.775	57.712
9254.860000	30.872	38.442	42.557	18.853	34.712	55.291	21.531	54.275
9266.423000	31.011	38.864	43.567	19.084	34.703	55.590	21.567	53.916
9277.918000	30.897	39.165	43.525	19.205	34.554	56.976	21.419	55.437
9289.433000	31.297	38.701	43.641	19.113	34.409	56.292	21.532	54.532
9300.913000	30.909	39.089	43.563	18.769	34.782	57.234	21.466	55.198
9312.456000	31.345	39.570	45.459	19.157	34.943	59.302	21.650	57.603
9323.926000	31.067	39.140	45.101	19.119	34.880	59.529	21.639	57.517
9335.406000	30.886	38.580	43.041	18.671	34.187	55.612	21.338	53.721
9346.862000	31.349	38.829	42.607	19.005	34.573	56.241	21.768	54.588
9358.334000	31.425	38.708	42.456	19.066	34.733	55.675	21.355	53.809
9369.810000	30.843	38.719	43.268	18.998	34.529	56.056	21.780	54.216
9381.303000	31.034	39.260	45.070	19.213	34.772	58.270	21.446	56.915
9392.787000	31.027	39.166	43.839	19.011	34.427	56.084	21.387	54.261
9404.267000	31.162	38.974	43.500	19.099	34.384	56.319	21.468	54.376
9415.731000	31.281	38.954	43.630	18.978	34.524	56.982	21.603	54.853
9427.195000	31.190	39.240	44.236	18.999	34.573	57.776	21.607	55.887
9438.670000	31.405	39.043	44.217	18.903	34.944	58.156	21.645	55.986
9450.160000	31.064	39.477	44.678	19.054	34.829	57.102	21.739	55.633
9461.624000	30.959	38.364	42.919	18.826	34.480	56.005	21.420	54.051
9473.103000	31.141	38.908	42.709	18.953	34.769	55.570	21.407	53.829
9484.582000	31.105	39.014	43.501	18.998	34.459	55.953	21.225	54.542
9496.053000	31.335	38.709	42.899	18.945	34.386	55.748	21.499	54.166
9507.522000	31.092	39.086	44.164	19.181	34.433	56.675	21.685	55.257
9519.019000	31.213	39.122	43.145	18.985	34.639	56.286	21.316	54.432
9560.203000	31.599	39.335	44.316	19.196	34.725	58.147	21.633	56.542
9571.621000	31.351	39.561	44.512	19.170	34.573	57.839	21.538	56.852
9583.035000	30.484	38.115	42.727	18.394	33.648	55.905	21.023	53.965
9594.447000	31.065	38.946	45.031	18.957	34.404	59.876	21.638	57.920
9605.904000	31.521	39.411	44.885	19.161	34.743	58.577	21.629	56.203
9617.322000	31.532	39.801	45.307	19.112	34.879	59.833	21.727	58.282
9628.782000	31.631	39.449	44.889	19.041	34.850	58.655	21.559	56.593
9640.222000	31.321	38.877	44.635	18.978	34.744	58.613	21.751	56.769
9651.661000	31.151	39.565	45.368	19.102	34.754	59.324	21.620	57.829
9663.011000	31.305	39.360	45.241	19.377	34.635	59.959	21.638	59.073
9674.437000	31.224	39.473	43.655	19.030	34.474	56.536	21.464	55.112
9685.878000	31.390	38.620	42.822	19.153	34.851	55.062	21.615	52.710
9697.313000	31.469	39.266	44.479	19.101	34.746	57.572	21.620	56.055
9708.727000	31.359	39.353	43.910	18.937	34.582	56.928	21.531	55.484
9720.143000	31.336	39.398	44.291	19.037	34.502	57.580	21.589	56.280
9731.562000	31.473	39.664	44.936	18.998	34.798	59.509	21.486	58.077
9742.972000	31.189	39.092	42.549	18.880	34.697	55.320	21.673	53.450
9754.390000	31.218	38.330	41.946	18.927	34.786	54.176	21.448	52.223
9765.806000	31.180	38.535	42.567	19.101	34.388	55.014	21.658	53.176
9777.218000	31.472	38.983	43.441	18.993	34.775	55.554	21.585	53.979
9788.640000	31.428	39.011	43.740	18.979	34.685	56.306	21.568	54.332
9800.061000	31.439	39.248	43.584	19.026	34.805	56.771	21.774	55.211
9811.479000	31.405	39.011	43.722	19.039	34.689	56.599	21.614	54.933
9822.896000	31.835	39.359	44.909	18.978	34.854	58.713	21.744	57.087
9834.312000	31.874	40.008	45.340	19.374	35.035	60.008	21.592	58.425
9845.731000	31.753	39.905	45.758	19.654	35.341	60.434	21.851	59.619
9857.157000	31.640	39.737	45.903	19.471	35.051	60.194	21.896	58.710
9868.580000	31.783	39.643	45.432	19.384	35.040	59.625	21.915	57.648
9880.001000	31.647	39.624	45.280	19.272	35.263	59.490	21.844	58.058
9891.419000	31.876	40.293	45.999	19.409	35.054	60.900	22.139	59.295
9902.833000	31.784	39.241	44.358	19.056	34.915	57.651	21.769	55.607
9914.250000	31.614	38.824	42.463	19.010	34.790	55.468	21.516	53.830
9925.670000	30.393	37.637	43.056	18.344	33.705	57.298	20.951	55.879
9937.090000	31.671	40.416	45.746	19.712	35.202	60.951	21.972	59.742
9948.510000	31.623	39.622	45.600	19.408	35.323	60.376	21.836	59.153
9959.921000	31.531	40.024	45.526	19.376	35.216	60.415	21.983	59.225
9971.336000	31.321	39.740	45.574	19.530	34.715	59.907	21.744	59.047
9982.751000	31.702	39.533	45.585	19.455	35.402	59.729	21.821	59.143
9994.171000	31.643	39.645	45.269	19.216	34.868	58.942	21.763	56.729
10005.592000	31.768	40.299	45.898	19.598	35.215	60.771	22.126	59.395
10017.003000	31.762	39.757	45.218	19.266	34.576	58.976	21.713	57.218
10028.423000	31.770	39.166	44.034	19.038	34.631	57.860	21.828	55.860
10039.841000	31.816	39.349	45.172	19.531	35.016	59.038	21.941	56.936
10051.260000	31.826	39.658	45.003	19.129	35.153	58.098	21.764	57.215
10062.677000	31.533	39.982	45.711	19.305	34.961	60.250	21.744	58.792
10074.098000	32.248	40.727	46.494	19.567	35.683	61.289	22.273	60.125
10085.513000	31.860	39.739	45.634	19.193	35.001	59.955	22.038	58.330
10096.932000	31.802	39.436	44.746	19.235	34.849	57.392	22.015	56.224
10108.347000	31.970	39.724	45.536	19.501	35.173	59.638	21.687	58.746
10119.764000	31.925	40.317	45.681	19.285	34.934	61.246	21.879	59.740
10131.177000	31.562	39.903	45.426	19.315	35.039	59.167	21.710	57.116
10142.593000	32.030	39.711	45.463	19.343	35.199	59.036	21.948	57.821
10154.011000	32.157	40.196	45.051	19.486	35.308	61.194	21.886	59.433
10165.430000	31.281	38.768	44.697	18.993	34.816	58.873	21.431	57.964
10176.852000	31.848	40.089	45.555	19.416	35.244	60.609	22.106	59.601
10188.269000	31.891	39.932	44.862	19.393	34.933	57.771	21.843	56.010
10199.685000	31.788	39.371	44.036	19.106	34.933	56.713	21.737	55.230
10211.108000	31.544	39.224	45.148	19.108	35.134	59.229	21.706	57.707
10222.531000	31.695	39.962	46.062	19.301	34.873	60.438	22.005	59.635
10233.953000	31.984	40.506	45.990	19.499	35.081	60.568	22.075	59.883
10245.373000	31.615	39.681	45.640	19.357	35.120	59.933	21.978	58.924
10256.788000	32.052	39.936	45.707	19.271	35.239	60.398	22.088	59.056
10268.205000	31.809	40.246	45.283	19.301	34.877	60.597	21.801	59.367
10279.627000	31.587	38.977	43.074	19.094	34.842	56.085	21.734	54.585
10291.041000	31.824	39.884	46.163	19.484	35.226	59.831	22.007	58.826
10302.631000	31.861	39.819	45.625	19.276	35.115	59.886	22.236	58.544
10313.978000	31.869	39.552	44.599	19.292	34.881	58.140	21.690	56.272
10325.393000	31.780	39.595	44.441	19.185	34.912	58.172	21.662	56.741
10336.818000	31.751	39.576	44.013	19.333	35.073	57.506	21.541	55.702
10348.235000	31.914	39.347	44.014	19.148	34.912	57.321	21.683	55.553
10359.649000	31.757	39.357	44.704	19.214	35.117	57.109	21.976	56.026
10371.068000	31.721	39.657	44.681	19.180	34.683	57.813	21.814	56.485
10382.495000	31.816	39.053	44.151	19.152	35.130	56.277	21.605	55.583
10393.912000	32.128	39.537	45.279	19.347	34.943	58.496	22.119	56.786
10405.324000	31.679	39.428	44.981	19.164	35.073	57.662	21.823	57.198
10439.834000	32.241	39.758	45.298	19.518	35.250	59.756	21.898	57.775
10451.254000	32.115	39.833	45.382	19.457	35.141	59.254	21.797	58.655
10462.670000	32.072	39.573	44.187	19.091	35.255	57.401	22.013	56.199
10474.091000	31.772	38.825	42.717	19.231	35.144	55.789	21.822	53.896
10485.509000	31.721	39.823	45.899	19.546	35.108	59.683	21.687	58.255
10496.922000	32.133	39.778	44.815	19.217	35.246	58.599	21.704	57.043
10508.342000	31.578	39.500	45.491	19.108	34.635	59.266	21.847	57.798
10519.756000	31.940	39.483	44.551	19.312	34.948	58.122	21.745	56.772
10531.171000	31.675	39.454	43.780	19.322	34.981	57.628	21.773	55.292
10542.589000	31.743	39.401	43.410	19.264	34.819	56.747	21.741	54.693
10554.009000	31.597	39.685	44.913	19.165	35.140	59.435	22.055	58.239
10565.433000	31.623	40.158	45.899	19.452	34.961	60.661	21.860	59.646
10576.855000	31.851	39.924	45.551	19.383	34.910	60.848	21.803	59.010
10588.276000	31.830	40.034	45.729	19.473	35.271	60.441	22.054	58.694
10599.689000	31.743	39.602	45.547	19.125	35.017	58.984	21.622	57.711
10611.109000	32.398	40.211	46.281	19.780	35.356	61.754	22.026	59.878
10622.522000	31.868	39.736	44.397	19.346	34.829	57.967	21.756	56.814
10633.937000	31.485	38.944	42.979	19.065	35.000	56.659	21.711	54.552
10645.344000	31.660	38.860	43.413	19.115	34.852	57.129	21.646	55.031
10656.761000	31.347	39.474	43.740	19.101	34.808	57.763	21.809	56.001
10668.183000	32.114	40.221	45.856	19.527	35.009	59.569	21.811	57.756
10679.604000	31.864	39.356	45.696	19.366	34.719	60.304	21.833	58.779
10691.024000	31.861	40.020	45.864	19.478	35.408	60.020	21.963	57.901
10702.442000	31.950	39.207	43.981	18.932	35.106	56.916	21.702	55.326
10713.856000	31.879	39.547	44.601	19.368	35.152	57.857	21.924	56.160
10725.279000	31.931	39.661	44.692	19.367	35.376	58.998	21.766	56.778
10736.692000	31.998	39.864	45.586	19.356	35.096	59.416	22.171	57.943
10748.107000	31.869	39.876	45.336	19.379	34.872	58.669	21.808	58.034
10759.518000	31.908	39.717	44.774	19.458	35.032	57.694	21.987	56.906
10770.932000	31.773	39.513	44.553	19.261	35.102	57.670	21.902	55.817
10782.351000	32.140	40.139	45.486	19.585	35.408	59.528	21.966	57.854
10793.768000	31.450	39.062	44.348	18.982	34.564	58.528	21.707	57.196
10805.188000	31.924	39.291	44.440	19.389	35.144	57.329	21.732	56.292
10816.611000	31.863	39.733	45.200	19.310	35.186	58.891	21.976	57.770
10828.034000	31.913	39.774	45.516	19.274	35.087	60.391	21.764	59.243
10839.448000	32.151	39.663	45.043	19.104	35.045	58.670	21.722	57.191
10850.864000	31.719	39.162	43.870	19.349	34.898	57.565	21.701	55.756
10862.281000	31.925	39.525	45.228	19.268	35.469	58.577	22.111	57.032
10873.693000	31.774	39.836	44.458	19.302	35.201	57.466	22.013	56.065
10885.114000	31.980	39.417	43.787	19.273	35.127	57.395	21.825	55.844
10896.533000	31.895	39.880	45.769	19.338	35.477	59.697	22.116	58.531
10907.947000	31.870	39.709	45.627	19.303	35.185	59.731	21.859	58.604
10919.361000	31.956	39.858	44.462	19.365	35.189	58.015	22.036	56.405
10930.781000	31.756	39.272	43.345	19.306	34.943	56.797	22.095	54.799
10942.195000	31.932	39.680	45.544	19.579	35.312	59.445	22.184	58.596